01110000
01010101
01011000
00000000
01110000
10101010
01011001
00000000
01110000
11111111
01011010
00000000
01011011
00000000
01011100
00000000
01011101
00000000
01011110
00000000
01110000
00110110
01011111
00000000
01110000
11111111
01010000
00000000
00000000
00000000
00001001
00000000
01010000
00000000
00011000
00000000
00100001
00000000
01010111
00000000
00101111
00000000
00110000
00000000
00111111
00000000
01000000
00000000
01001111
00000000
01100111
00110010
01101111
11111111
11000000
00000000
11111111
11111111






































































































































































































